image_width: 1440
image_height: 1080
camera_name: cam0
camera_matrix:
  rows: 3
  cols: 3
  data: [1187.38174391, 0.0, 776.849606756, 0.0, 1187.49398452, 549.689426255, 0.0, 0.0, 1.0]
distortion_model: rational_polynomial
distortion_coefficients:
  rows: 1
  cols: 4
  data: [-0.0254579518648, 0.00990210670246, -0.0430697969631, 0.0505730522246]
rectification_matrix:
  rows: 3
  cols: 3
  data: [1.000000, 0.000000, 0.000000, 0.000000, 1.000000, 0.000000, 0.000000, 0.000000, 1.000000]
projection_matrix:
  rows: 3
  cols: 4
  data: [1097.711630008436, 0.000000, 788.9160253215895, 0.000000, 0.000000, 1097.81539429788, 550.8531208924217, 0.000000, 0.000000, 0.000000, 1.000000, 0.000000]
